200 10
                                                                               1                                                                                                                        |
                                      444                                     2  2                                                                                                                      |
                                     4   4                     333           2    2 2 2                                                         2 2 2                                                   |
                            3 2 3         4                   4   4         2         3 3 3                       3 3 3      3 3              2 2    2 2   2 2 2         2 2      22   2 2 2  2  2  1   |
                   4  4  4                 4                 3     3       2                                                                                                        22                  |
         3 3 3        -              -      4               2       2 2 2 2                     x     x   x   x                                                                                         |
 2 2 2                -              -       4                                                                          3 3 3                                                                           |
      x      x        x              x        11111111111          1 1 1 1 1 1 1                                                                                                                        |
--------------------------------------------------------------------------------------------------------------------------------------------------------------------------------------------------------|
--------------------------------------------------------------------------------------------------------------------------------------------------------------------------------------------------------|
                                                                                                                                                                                                        |
                                                                                                                                                                                                        |
                                                                              4 4                                                                           4 4                                         |
                              3 3 3                3 3 3                3 3 3      3 3                                   3 3 3                       3 3 3      3 3                                     |
                                                    2 2                       3 3 3                                                  3 3 3                  3 3                                         |
1 1 1 1 1 1   2 2 2       2 2        2 2   3   2 2       2 2   3    2 2                2 2 2   2 2 2   2 2 2         2 2       2 2               2 2                 2 2 2           2 2                |
                                                                                                                                                                                            22314242145 |
1 1 1 1 1 1 1       1 1 1                1 1 1               1 1 1                            1 1 1 1         1 1 1                  1 1 1 1 1 1                            1 1 1 1       1 1 1 1 1 1 1 |
O---------O---------O---------O---------O---------O---------O---------O---------O---------P-P-P-P-P-O---------P-P-O---------P-P-O---------P-P-O---------P-P-O---------O---------O---------O---------P-P-|
--------------------------------------------------------------------------------------------------------------------------------------------------------------------------------------------------------|
                                                                                                                                                                                                        |
                                                                                                                                                                                                        |
                                                                              4 4                                                                           4 4                                         |
                              3 3 3                3 3 3                3 3 3      3 3                                   3 3 3                       3 3 3      3 3                                     |
                                                                                                                                                                                                        |
              2 2 2       2 2        2 2       2 2       2 2        2 2                2 2 2           2 2 2         2 2       2 2               2 2                 2 2 2           2 2                |
                                                                                                                                                                                                        |
1 1 1 1 1 1 1       1 1 1                1 1 1               1 1 1                            1 1 1 1         1 1 1                  1 1 1 1 1 1                            1 1 1 1       1 1 1 1 1 1 1 |
O---------O---------O---------O---------O---------O---------O---------O---------O---------P-P-P-P-P-O---------P-P-O---------P-P-O---------P-P-O---------P-P-O---------O---------O---------O---------P-P-|
--------------------------------------------------------------------------------------------------------------------------------------------------------------------------------------------------------|
                                                                                                                                                                                                        |
                                                                                                                                                                                                        |
                                                                                                                                 11111111 1 1 1 1 111111111      11111                                  |
                                                                                                                                                                                                        |
                                                                                                                                                                                                        |
                               22                                     3 3                                                                                                                               |
            1 1 1 1 1         2  2     2 2         2 2     2       2 2                                                                                                                                  |
    11111111 1 1 1 1 111111111    11111        4   1 1 1 1           1 1 1               4     4    4    4   4    4     4   4      4                                                                    |
O---------O---------O---------O---------O---------O---------O---------O---------O---------P-P-P-P-P-O---------P-P-O---------P-P-O---------P-P-O---------P-P-O---------O---------O---------O---------P-P-|
--------------------------------------------------------------------------------------------------------------------------------------------------------------------------------------------------------|
                                                                                                                                                                                                        |
                                                                                                                                                                                                        |
                                                                                                                                                                                                        |
                                                                                                                                                                             1 1  1                     |
                                                                          4 4                                                                                                                           |
                                3 3 3                 3 3             3 3                                                                                      2                                        |
                  2 2 2       2       2 2         2 2     2       2 2               x xxxxxxxxxxxxxxx x  x           1111111 1 1 1 1 111111111    11111                                                 |
    1 1 1 1 1 1 1       1 1 1             1 1 1 1           1 1 1                                                                                                                                       |
O---------O---------O---------O---------O---------O---------O---------O---------O---------P-P-P-P-P-O---------P-P-O---------P-P-O---------P-P-O---------P-P-O---------O---------O---------O---------P-P-|
--------------------------------------------------------------------------------------------------------------------------------------------------------------------------------------------------------|
                                                                                                                                                                                                        |
                                                         1 1                                                                                                                                            |
      x                                                1     1                                                                                                 1 1 1 1 1 1 1 1 1                        |
                                         Q--Q--Q--Q--1         1               333                                                              1 1 1 1 1 1 1 1                   1 1 1 1 1             |
 O---------         22222              2 2 2 2 2 2 2             2 2 2 2 2 2 232 23                                              2 2 2 2 2 2 2                                             2 2 2 2 2    |
                1111     1 1 1 1 1 1 1       Q--Q--Q--Q--                    3     3 1 1 1 1                       1 1 1 1 1 1 1                                                                        |
                  O---------             1 1 1 1 1 1 1 1 1 1 1 1 1 1 1      3       3        4 4 4 4 4 4 4 4 4 4 4                                                                                      |
   1 2 3 4 1 2 3 4 1 1 1 1 1 1 1 1 1 1 1                 ---             1 1         311                                                                                                                |
O---------O---------O---------O---------O---------O---------O---------O---------O---------P-P-P-P-P-O---------P-P-O---------P-P-O---------P-P-O---------P-P-O---------O---------O---------O---------P-P-|
--------------------------------------------------------------------------------------------------------------------------------------------------------------------------------------------------------|
                                                                                                                                                                                                        |
                                                         1 1                                                                                                                                            |
                                                       1     1                                                                                                 4 4 4 4 4 4 4 4 4                        |
                                                     1         1                                                                               1 1 1 1 1 1 1 1                   1 1 1 1 1              |
                    33333              2 2 2 3 3 3 3             3 3 3 3 3 3 3 3 3                                               3 3 3 3 3 3 3                                             3 3 3 3 3    |
                1111     1 1 1 1 1 1 1                    -                        1 1 1 1 1                       1 1 1 1 1 1 1                                                                        |
                                                         -x-                                 1 1 1 1 1 1 1 1 1 1 1                                                                                      |
                                                         ---                                                                                                                                            |
O---------O---------O---------O---------O---------O---------O---------O---------O---------P-P-P-P-P-O---------P-P-O---------P-P-O---------P-P-O---------P-P-O---------O---------O---------O---------P-P-|
--------------------------------------------------------------------------------------------------------------------------------------------------------------------------------------------------------|
                                                                                                                                                                                                        |
                                                         1 1                                                                                                                                            |
                                                       1     1                                                                                                 1 1 1 1 1 1 1 1 1                        |
                                                     1         1                                                                               1 1 1 1 1 1 1 1                   1 1 1 1 1              |
                    11111              1 1 1 1 1 1 1             1 1 1 1 1 1 1 1 1                                               1 1 1 1 1 1 1                                             1 1 1 1 1    |
                1111     1 1 1 1 1 1 1                    -                        1 1 1 1 1                       1 1 1 1 1 1 1                                                                        |
                                                         -x-                                 1 1 1 1 1 1 1 1 1 1 1                                                                                      |
                                                         ---                                                                                                                                            |
O---------O---------O---------O---------O---------O---------O---------O---------O---------P-P-P-P-P-O---------P-P-O---------P-P-O---------P-P-O---------P-P-O---------O---------O---------O---------P-P-|
--------------------------------------------------------------------------------------------------------------------------------------------------------------------------------------------------------|
